0
1111111
2222222
3333333
4444444
5555555
6666666
7777777
8888888
9999999
11111110
12222221
13333332
14444443
15555554
16666665
17777776
18888887
19999998
21111109
22222220
23333331
24444442
25555553
26666664
27777775
28888886
29999997
31111108
32222219
33333330
34444441
35555552
36666663
37777774
38888885
39999996
41111107
42222218
43333329
44444440
45555551
46666662
47777773
48888884
49999995
51111106
52222217
53333328
54444439
55555550
56666661
57777772
58888883
59999994
61111105
62222216
63333327
64444438
65555549
66666660
67777771
68888882
69999993
71111104
72222215
73333326
74444437
75555548
76666659
77777770
78888881
79999992
81111103
82222214
83333325
84444436
85555547
86666658
87777769
88888880
89999991
91111102
92222213
93333324
94444435
95555546
96666657
97777768
98888879
99999990
101111101
102222212
103333323
104444434
105555545
106666656
107777767
108888878
109999989
111111100
112222211
113333322
114444433
115555544
116666655
117777766
118888877
119999988
121111099
122222210
123333321
124444432
125555543
126666654
127777765
128888876
129999987
131111098
132222209
133333320
134444431
135555542
136666653
137777764
138888875
139999986
141111097
142222208
143333319
144444430
145555541
146666652
147777763
148888874
149999985
151111096
152222207
153333318
154444429
155555540
156666651
157777762
158888873
159999984
161111095
162222206
163333317
164444428
165555539
166666650
167777761
168888872
169999983
171111094
172222205
173333316
174444427
175555538
176666649
177777760
178888871
179999982
181111093
182222204
183333315
184444426
185555537
186666648
187777759
188888870
189999981
191111092
192222203
193333314
194444425
195555536
196666647
197777758
198888869
199999980
201111091
202222202
203333313
204444424
205555535
206666646
207777757
208888868
209999979
211111090
212222201
213333312
214444423
215555534
216666645
217777756
218888867
219999978
221111089
222222200
223333311
224444422
225555533
226666644
227777755
228888866
229999977
231111088
232222199
233333310
234444421
235555532
236666643
237777754
238888865
239999976
241111087
242222198
243333309
244444420
245555531
246666642
247777753
248888864
249999975
251111086
252222197
253333308
254444419
255555530
256666641
257777752
258888863
259999974
261111085
262222196
263333307
264444418
265555529
266666640
267777751
268888862
269999973
271111084
272222195
273333306
274444417
275555528
276666639
277777750
278888861
279999972
281111083
282222194
283333305
284444416
285555527
286666638
287777749
288888860
289999971
291111082
292222193
293333304
294444415
295555526
296666637
297777748
298888859
299999970
301111081
302222192
303333303
304444414
305555525
306666636
307777747
308888858
309999969
311111080
312222191
313333302
314444413
315555524
316666635
317777746
318888857
319999968
321111079
322222190
323333301
324444412
325555523
326666634
327777745
328888856
329999967
331111078
332222189
333333300
334444411
335555522
336666633
337777744
338888855
339999966
341111077
342222188
343333299
344444410
345555521
346666632
347777743
348888854
349999965
351111076
352222187
353333298
354444409
355555520
356666631
357777742
358888853
359999964
361111075
362222186
363333297
364444408
365555519
366666630
367777741
368888852
369999963
371111074
372222185
373333296
374444407
375555518
376666629
377777740
378888851
379999962
381111073
382222184
383333295
384444406
385555517
386666628
387777739
388888850
389999961
391111072
392222183
393333294
394444405
395555516
396666627
397777738
398888849
399999960
401111071
402222182
403333293
404444404
405555515
406666626
407777737
408888848
409999959
411111070
412222181
413333292
414444403
415555514
416666625
417777736
418888847
419999958
421111069
422222180
423333291
424444402
425555513
426666624
427777735
428888846
429999957
431111068
432222179
433333290
434444401
435555512
436666623
437777734
438888845
439999956
441111067
442222178
443333289
444444400
445555511
446666622
447777733
448888844
449999955
451111066
452222177
453333288
454444399
455555510
456666621
457777732
458888843
459999954
461111065
462222176
463333287
464444398
465555509
466666620
467777731
468888842
469999953
471111064
472222175
473333286
474444397
475555508
476666619
477777730
478888841
479999952
481111063
482222174
483333285
484444396
485555507
486666618
487777729
488888840
489999951
491111062
492222173
493333284
494444395
495555506
496666617
497777728
498888839
499999950
501111061
502222172
503333283
504444394
505555505
506666616
507777727
508888838
509999949
511111060
512222171
513333282
514444393
515555504
516666615
517777726
518888837
519999948
521111059
522222170
523333281
524444392
525555503
526666614
527777725
528888836
529999947
531111058
532222169
533333280
534444391
535555502
536666613
537777724
538888835
539999946
541111057
542222168
543333279
544444390
545555501
546666612
547777723
548888834
549999945
551111056
552222167
553333278
554444389
555555500
556666611
557777722
558888833
559999944
561111055
562222166
563333277
564444388
565555499
566666610
567777721
568888832
569999943
571111054
572222165
573333276
574444387
575555498
576666609
577777720
578888831
579999942
581111053
582222164
583333275
584444386
585555497
586666608
587777719
588888830
589999941
591111052
592222163
593333274
594444385
595555496
596666607
597777718
598888829
599999940
601111051
602222162
603333273
604444384
605555495
606666606
607777717
608888828
609999939
611111050
612222161
613333272
614444383
615555494
616666605
617777716
618888827
619999938
621111049
622222160
623333271
624444382
625555493
626666604
627777715
628888826
629999937
631111048
632222159
633333270
634444381
635555492
636666603
637777714
638888825
639999936
641111047
642222158
643333269
644444380
645555491
646666602
647777713
648888824
649999935
651111046
652222157
653333268
654444379
655555490
656666601
657777712
658888823
659999934
661111045
662222156
663333267
664444378
665555489
666666600
667777711
668888822
669999933
671111044
672222155
673333266
674444377
675555488
676666599
677777710
678888821
679999932
681111043
682222154
683333265
684444376
685555487
686666598
687777709
688888820
689999931
691111042
692222153
693333264
694444375
695555486
696666597
697777708
698888819
699999930
701111041
702222152
703333263
704444374
705555485
706666596
707777707
708888818
709999929
711111040
712222151
713333262
714444373
715555484
716666595
717777706
718888817
719999928
721111039
722222150
723333261
724444372
725555483
726666594
727777705
728888816
729999927
731111038
732222149
733333260
734444371
735555482
736666593
737777704
738888815
739999926
741111037
742222148
743333259
744444370
745555481
746666592
747777703
748888814
749999925
751111036
752222147
753333258
754444369
755555480
756666591
757777702
758888813
759999924
761111035
762222146
763333257
764444368
765555479
766666590
767777701
768888812
769999923
771111034
772222145
773333256
774444367
775555478
776666589
777777700
778888811
779999922
781111033
782222144
783333255
784444366
785555477
786666588
787777699
788888810
789999921
791111032
792222143
793333254
794444365
795555476
796666587
797777698
798888809
799999920
801111031
802222142
803333253
804444364
805555475
806666586
807777697
808888808
809999919
811111030
812222141
813333252
814444363
815555474
816666585
817777696
818888807
819999918
821111029
822222140
823333251
824444362
825555473
826666584
827777695
828888806
829999917
831111028
832222139
833333250
834444361
835555472
836666583
837777694
838888805
839999916
841111027
842222138
843333249
844444360
845555471
846666582
847777693
848888804
849999915
851111026
852222137
853333248
854444359
855555470
856666581
857777692
858888803
859999914
861111025
862222136
863333247
864444358
865555469
866666580
867777691
868888802
869999913
871111024
872222135
873333246
874444357
875555468
876666579
877777690
878888801
879999912
881111023
882222134
883333245
884444356
885555467
886666578
887777689
888888800
889999911
891111022
892222133
893333244
894444355
895555466
896666577
897777688
898888799
899999910
901111021
902222132
903333243
904444354
905555465
906666576
907777687
908888798
909999909
911111020
912222131
913333242
914444353
915555464
916666575
917777686
918888797
919999908
921111019
922222130
923333241
924444352
925555463
926666574
927777685
928888796
929999907
931111018
932222129
933333240
934444351
935555462
936666573
937777684
938888795
939999906
941111017
942222128
943333239
944444350
945555461
946666572
947777683
948888794
949999905
951111016
952222127
953333238
954444349
955555460
956666571
957777682
958888793
959999904
961111015
962222126
963333237
964444348
965555459
966666570
967777681
968888792
969999903
971111014
972222125
973333236
974444347
975555458
976666569
977777680
978888791
979999902
981111013
982222124
983333235
984444346
985555457
986666568
987777679
988888790
989999901
991111012
992222123
993333234
994444345
995555456
996666567
997777678
998888789
999999900
1001111011
1002222122
1003333233
1004444344
1005555455
1006666566
1007777677
1008888788
1009999899
1011111010
1012222121
1013333232
1014444343
1015555454
1016666565
1017777676
1018888787
1019999898
1021111009
1022222120
1023333231
1024444342
1025555453
1026666564
1027777675
1028888786
1029999897
1031111008
1032222119
1033333230
1034444341
1035555452
1036666563
1037777674
1038888785
1039999896
1041111007
1042222118
1043333229
1044444340
1045555451
1046666562
1047777673
1048888784
1049999895
1051111006
1052222117
1053333228
1054444339
1055555450
1056666561
1057777672
1058888783
1059999894
1061111005
1062222116
1063333227
1064444338
1065555449
1066666560
1067777671
1068888782
1069999893
1071111004
1072222115
1073333226
1074444337
1075555448
1076666559
1077777670
1078888781
1079999892
1081111003
1082222114
1083333225
1084444336
1085555447
1086666558
1087777669
1088888780
1089999891
1091111002
1092222113
1093333224
1094444335
1095555446
1096666557
1097777668
1098888779
1099999890
1101111001
1102222112
1103333223
1104444334
1105555445
1106666556
1107777667
1108888778
1109999889
